0 1382 coord_panelSR_Cerrado geocode
1700251 1701903        0.574396577
1700251 1703909        0.544139003
1700251 1713700        0.574130668
1700251 1712504        0.496477787
1700251 1707108         0.21909092
1700251 1707207        0.317283227
1700301 1706506        0.370687779
1700301 1714302          0.3104754
1700301 2109007        0.353753268
1700301 1721208        0.231767772
1700301 1713809        0.171039248
1700301 1720002        0.237450351
1700350 1718899        0.529676307
1700350 1707306        0.492077962
1700350 1707553        0.523783218
1700350 1706258        0.230037385
1700350 1709500        0.320616256
1700350 1703701        0.414508822
1700400 1705102        0.645492251
1700400 1718659        0.470721201
1700400 1714203        0.572774224
1700400 1717008        0.441138614
1700400 1718006        0.182883137
1700400 1707009        0.483916674
1700707 1716604        0.693231024
1700707 1720853        0.405364533
1700707 1711506        0.577457636
1700707 1707652        0.223090652
1700707 1720978        0.281969808
1700707 1703867        0.483058265
1701002 1720101         0.30568409
1701002 1703826        0.246088272
1701002 1714302        0.254183865
1701002 1712454         0.19969741
1701002 1718550        0.191311688
1701002 1701051        0.205595479
1701051 1713809        0.314767494
1701051 1701002        0.205595479
1701051 1712454        0.225509664
1701051 1718550       0.0901824735
1701051 1714302        0.150180686
1701051 1720002        0.159539586
1701101 1718758        0.608369642
1701101 1713205        0.598295039
1701101 1721109        0.409382927
1701101 1719004        0.405008415
1701101 1721000        0.276773498
1701101 1712009        0.321208485
1701309 1717206        0.363479252
1701309 1722107        0.313684358
1701309 1702109        0.320456659
1701309 1702158        0.216066094
1701309 1703883        0.151461582
1701309 1713957       0.0894026057
1701903 1716653        0.609720813
1701903 1703909        0.574340432
1701903 1700251        0.574396577
1701903 1708304        0.483117495
1701903 1707207        0.547110336
1701903 1706001        0.569281378
1702000 1707652        0.709607618
1702000 1720978        0.667039312
1702000 5218003        0.648416312
1702000 5215256        0.411134937
1702000 1718840        0.474445761
1702000 5220207        0.631098705
1702109 1702158        0.430353524
1702109 1713957        0.367489524
1702109 1716307        0.396291701
1702109 1701309        0.320456659
1702109 1703883        0.307884195
1702109 1714880        0.326389562
1702158 1702109        0.430353524
1702158 1717206        0.147720899
1702158 1713957        0.290180039
1702158 1722107        0.100590125
1702158 1703883         0.12270882
1702158 1701309        0.216066094
1702208 1703826        0.384686582
1702208 1720804        0.333642429
1702208 1718303        0.345274716
1702208 1720101        0.241683533
1702208 1702554         0.25282212
1702208 1702901        0.253269927
1702406 1702703         0.65339783
1702406 1712157        0.653023079
1702406 5204904        0.563543107
1702406 1705557        0.544888216
1702406 1715150        0.497263324
1702406 5213509        0.491866912
1702554 1703800        0.236978393
1702554 2103257        0.199733807
1702554 1702901        0.219573075
1702554 1703891        0.181132831
1702554 1718303        0.147760609
1702554 1718808        0.164615018
1702703 1717800        0.611424077
1702703 1705557        0.221146088
1702703 5204904        0.370503317
1702703 1712157        0.179531904
1702703 1715150        0.306326235
1702703 1720903        0.289784291
1702901 1702208        0.253269927
1702901 1702554        0.219573075
1702901 1710706        0.232006888
1702901 1720200        0.199669099
1702901 1720804       0.0814755695
1702901 1718303        0.174034547
1703008 1717206        0.590803922
1703008 1702109        0.475264999
1703008 1703883        0.542044355
1703008 1707702        0.327883991
1703008 1706506        0.415249962
1703008 1722081        0.258379344
1703057 1703602        0.540116103
1703057 1715705        0.458575111
1703057 1702109        0.531948938
1703057 1714880        0.290665909
1703057 1716307        0.159595337
1703057 1705508        0.289469424
1703073 1710904        0.751968473
1703073 1715705        0.601578627
1703073 1703008         0.60925993
1703073 1707702        0.308224699
1703073 1709005        0.388764921
1703073 2102804        0.509582469
1703107 1712009        0.502007376
1703107 1716109        0.353802734
1703107 1704600        0.501796286
1703107 1713700        0.305225207
1703107 1713205        0.266371714
1703107 1713304        0.455714571
1703305 1709302        0.557555563
1703305 1721257        0.387409824
1703305 1710508        0.488981228
1703305 1718881        0.190841314
1703305 1716505        0.264670519
1703305 1704105         0.43853403
1703602 1715705        0.479602926
1703602 1710904        0.388381304
1703602 1709302        0.435744093
1703602 1718402        0.182938403
1703602 1721307        0.220830463
1703602 1705508        0.250647759
1703701 1718204        0.501763259
1703701 1706258        0.471144424
1703701 1707553        0.332579446
1703701 1700350        0.414508822
1703701 1715507        0.435621968
1703701 1709807        0.245327653
1703800 1718303        0.347575772
1703800 2103257        0.247470408
1703800 1718808        0.186463668
1703800 1703891       0.0937231342
1703800 1702554        0.236978393
1703800 2112852       0.0845363416
1703826 1701051        0.335389918
1703826 1701002        0.246088272
1703826 1712801        0.260299752
1703826 1712454        0.116444476
1703826 1720101        0.145344519
1703826 1714302        0.247435429
1703842 2102804        0.920836656
1703842 2109502        0.624538242
1703842 1703073        0.914099241
1703842 2101400        0.462939712
1703842 1718501         0.58230759
1703842 1709005        0.685612497
1703867 1716604         0.65098328
1703867 1700707        0.483058265
1703867 1707306        0.539102695
1703867 1707652        0.339855575
1703867 1720853        0.409681517
1703867 1709500        0.423874095
1703883 1702109        0.307884195
1703883 1717206        0.247480208
1703883 1713957        0.240486915
1703883 1722107        0.217595434
1703883 1702158         0.12270882
1703883 1701309        0.151461582
1703891 1718303        0.264720208
1703891 1702554        0.181132831
1703891 2112852       0.0964612154
1703891 2103257        0.154314244
1703891 1718808       0.0927407922
1703891 1703800       0.0937231342
1703909 1717503        0.810249446
1703909 1707108        0.574473773
1703909 1707207        0.788364059
1703909 1701903        0.574340432
1703909 1712504        0.414634401
1703909 1700251        0.544139003
1704105 1716505        0.608807576
1704105 1718881        0.474304401
1704105 1718758        0.576044118
1704105 1703305         0.43853403
1704105 1718501        0.502129699
1704105 1710508        0.550444415
1704600 1707108         0.49678779
1704600 1716109        0.374278355
1704600 1706100        0.485674049
1704600 1713700        0.209661061
1704600 1715002        0.443383549
1704600 1718451        0.404966024
1705102 1700400        0.645492251
1705102 1717008        0.477638245
1705102 1720655        0.440288171
1705102 1720499        0.417250644
1705102 1718907        0.298896992
1705102 1714203        0.323717099
1705508 1718402        0.429680516
1705508 1714880        0.423652345
1705508 1721307        0.424452455
1705508 1715705        0.385645792
1705508 1703057        0.289469424
1705508 1703602        0.250647759
1705557 1720903         0.46241001
1705557 5204904        0.154141316
1705557 5208301        0.417943329
1705557 1712157        0.111960015
1705557 1715150        0.087971119
1705557 1702703        0.221146088
1705607 1716208        0.731992055
1705607 1718006        0.705955182
1705607 1702406        0.697824328
1705607 1707009         0.68164999
1705607 1720937        0.310240926
1705607 1714203        0.506834504
1706001 1718402        0.776995271
1706001 1708304        0.418616625
1706001 1701903        0.569281378
1706001 1716653        0.242299642
1706001 1711803        0.242824271
1706001 1716703        0.434206753
1706100 1704600        0.485674049
1706100 1707553        0.471273157
1706100 1718451        0.480391623
1706100 1715507        0.437635299
1706100 1715002        0.349712332
1706100 1718899        0.334368054
1706258 1709500        0.514706594
1706258 1718899        0.299691339
1706258 1703701        0.471144424
1706258 1700350        0.230037385
1706258 1707306        0.407251849
1706258 1707553        0.414298747
1706506 1718550         0.40739662
1706506 1701051        0.384234408
1706506 1700301        0.370687779
1706506 1720002        0.301263862
1706506 1713809        0.203942321
1706506 1722081        0.243870058
1707009 1700400        0.483916674
1707009 1718659        0.364604204
1707009 1720937        0.477415066
1707009 1718006        0.303484328
1707009 1715259        0.268167095
1707009 1717800        0.420454954
1707108 1703909        0.574473773
1707108 1713700        0.419935493
1707108 1707207        0.509279967
1707108 1712504        0.357317275
1707108 1700251         0.21909092
1707108 1704600         0.49678779
1707207 1716703        0.573343164
1707207 1707108        0.509279967
1707207 1701903        0.547110336
1707207 1713304        0.418386417
1707207 1708304        0.416312879
1707207 1700251        0.317283227
1707306 1706100        0.795216024
1707306 1700350        0.492077962
1707306 1709500        0.551446677
1707306 1706258        0.407251849
1707306 1718899        0.467292773
1707306 1703867        0.539102695
1707553 1718899        0.451024505
1707553 1718451        0.386974549
1707553 1706258        0.414298747
1707553 1715002        0.278449959
1707553 1715507        0.135402014
1707553 1703701        0.332579446
1707652 1702000        0.709607618
1707652 1720853        0.472878185
1707652 1718840        0.608860465
1707652 1700707        0.223090652
1707652 1720978        0.480031111
1707652 1703867        0.339855575
1707702 1722081        0.585057335
1707702 1702109        0.532587066
1707702 1714880        0.565491719
1707702 1703008        0.327883991
1707702 1715705         0.53179734
1707702 1703073        0.308224699
1708205 1711902        0.925035392
1708205 1703867        0.895264581
1708205 5106315        0.866458359
1708205 1707652         0.87029123
1708205 1707306        0.884180801
1708205 1718840        0.495576737
1708254 1716505        0.491793678
1708254 1721257        0.277759901
1708254 1716703        0.478284233
1708254 1718709          0.1692242
1708254 1709302        0.387561462
1708254 1713304         0.39567969
1708304 1708254        0.569510297
1708304 1707207        0.416312879
1708304 1701903        0.483117495
1708304 1716653        0.247396615
1708304 1716703        0.213917877
1708304 1706001        0.418616625
1709005 1715705        0.705875337
1709005 1710904        0.595085817
1709005 1703842        0.685612497
1709005 1710508        0.513105861
1709005 1703073        0.388764921
1709005 1707702        0.673859241
1709302 1716703         0.49658181
1709302 1708254        0.387561462
1709302 1703602        0.435744093
1709302 1721257        0.239920305
1709302 1718402        0.253956744
1709302 1721307        0.386656901
1709500 1707306        0.551446677
1709500 1720853         0.46427996
1709500 1706258        0.514706594
1709500 1700350        0.320616256
1709500 1703867        0.423874095
1709500 1716604        0.478117094
1709807 1707553        0.572679564
1709807 1713601        0.547802312
1709807 1700350        0.540765783
1709807 1720655        0.396707766
1709807 1718907        0.395276041
1709807 1703701        0.245327653
1710508 1718501        0.570055831
1710508 1703305        0.488981228
1710508 1704105        0.550444415
1710508 1710904        0.444308524
1710508 1718881         0.31022391
1710508 1709005        0.513105861
1710706 2109551        0.323783046
1710706 1720200        0.261171111
1710706 2104552        0.284894158
1710706 1712801        0.220619844
1710706 1720804        0.195705436
1710706 1702901        0.232006888
1710904 1709302        0.511787781
1710904 1718402        0.403932609
1710904 1715705        0.447317369
1710904 1703602        0.388381304
1710904 1721307        0.182383446
1710904 1710508        0.444308524
1711506 1720853        0.662254317
1711506 1700707        0.577457636
1711506 1720978        0.407662242
1711506 1715754        0.402370898
1711506 1720259        0.328313975
1711506 5213772        0.407396698
1711803 1703057        0.727188375
1711803 1716703        0.611022811
1711803 1705508        0.691233133
1711803 1706001        0.242824271
1711803 1716653        0.428340275
1711803 1708304        0.647593483
1711902 1708205        0.925035392
1711902 5107776        0.899581106
1711902 1717503        0.874493608
1711902 1707306        0.863975016
1711902 5105309        0.782855969
1711902 1718899        0.867242823
1711951 1721000        0.683412032
1711951 1701101        0.628370384
1711951 1713601        0.672370043
1711951 1719004        0.263677359
1711951 1715101        0.210826741
1711951 1717909        0.437776494
1712009 1713304        0.575205899
1712009 1701101        0.321208485
1712009 1703107        0.502007376
1712009 1713205        0.277859189
1712009 1721109        0.287485886
1712009 1721000        0.394285017
1712157 1720903        0.462173908
1712157 1715150        0.189879735
1712157 5208301         0.46088806
1712157 1705557        0.111960015
1712157 1702703        0.179531904
1712157 5204904        0.216077949
1712405 1718501        0.846219734
1712405 1715101         0.77109374
1712405 2100501        0.725903014
1712405 1718758        0.570684126
1712405 1720150        0.602715535
1712405 1704105        0.678121815
1712454 1720002        0.277630964
1712454 1701002         0.19969741
1712454 1720101        0.254525799
1712454 1703826        0.116444476
1712454 1714302        0.133489712
1712454 1701051        0.225509664
1712504 1713700        0.667742225
1712504 1717503         0.45658868
1712504 1704600        0.629648455
1712504 1703909        0.414634401
1712504 1707108        0.357317275
1712504 1700251        0.496477787
1712702 2201309         1.00163381
1712702 1717909        0.845156163
1712702 1715101        0.977096661
1712702 1720150        0.537324353
1712702 1718659        0.803462717
1712702 2911105        0.865997581
1712801 1720101        0.334952133
1712801 1712454        0.301815532
1712801 2109551         0.28322836
1712801 1710706        0.220619844
1712801 1703826        0.260299752
1712801 1721208        0.238650814
1713205 1716109        0.541922859
1713205 1721109        0.437842123
1713205 1718709        0.527352461
1713205 1703107        0.266371714
1713205 1712009        0.277859189
1713205 1713304        0.352039199
1713304 1721109        0.568902646
1713304 1703107        0.455714571
1713304 1708254         0.39567969
1713304 1707207        0.418386417
1713304 1713205        0.352039199
1713304 1718709        0.298240599
1713601 1717008        0.615798911
1713601 1718204        0.521044474
1713601 1709807        0.547802312
1713601 1720655        0.383840952
1713601 1719004         0.52679155
1713601 1721000        0.547211585
1713700 1715002        0.556685717
1713700 1716109        0.326488418
1713700 1718451        0.460201487
1713700 1703107        0.305225207
1713700 1707108        0.419935493
1713700 1704600        0.209661061
1713809 1721208        0.358339342
1713809 1714302        0.302915436
1713809 1701051        0.314767494
1713809 1720002        0.167019133
1713809 1700301        0.171039248
1713809 1706506        0.203942321
1713957 1717206        0.437239722
1713957 1722107         0.38171118
1713957 1702109        0.367489524
1713957 1701309       0.0894026057
1713957 1702158        0.290180039
1713957 1703883        0.240486915
1714203 1717008        0.644817084
1714203 1700400        0.572774224
1714203 1718907        0.609247411
1714203 1705102        0.323717099
1714203 1720499        0.521625242
1714203 1705607        0.506834504
1714302 1701002        0.254183865
1714302 1703826        0.247435429
1714302 1718550        0.236205609
1714302 1712454        0.133489712
1714302 1701051        0.150180686
1714302 1720002        0.145088902
1714880 1707702        0.565491719
1714880 1703057        0.290665909
1714880 1705508        0.423652345
1714880 1715705        0.286206982
1714880 1716307        0.250404415
1714880 1702109        0.326389562
1715002 1704600        0.443383549
1715002 1716109        0.360460243
1715002 1706100        0.349712332
1715002 1707553        0.278449959
1715002 1715507        0.158109063
1715002 1718451        0.156393073
1715101 1720150        0.710044304
1715101 1701101        0.639889206
1715101 1717909        0.598892342
1715101 1719004        0.386395347
1715101 1711951        0.210826741
1715101 1718758         0.52021601
1715150 1702406        0.497263324
1715150 1712157        0.189879735
1715150 5208301        0.352367942
1715150 1705557        0.087971119
1715150 5204904       0.0973479232
1715150 1702703        0.306326235
1715259 1720903        0.615867159
1715259 1718006        0.560170575
1715259 1720937        0.577434424
1715259 1717800        0.282659119
1715259 1707009        0.268167095
1715259 1718659        0.473824172
1715507 1706100        0.437635299
1715507 1718451        0.251574078
1715507 1703701        0.435621968
1715507 1715002        0.158109063
1715507 1707553        0.135402014
1715507 1718204        0.401914603
1715705 1703602        0.479602926
1715705 1703057        0.458575111
1715705 1721307        0.473635471
1715705 1714880        0.286206982
1715705 1705508        0.385645792
1715705 1710904        0.447317369
1715754 1716208        0.626814367
1715754 5213087         0.47920801
1715754 5221452         0.57072295
1715754 1720259        0.441884622
1715754 1711506        0.402370898
1715754 5213772        0.403376362
1716109 1715507        0.455844448
1716109 1703107        0.353802734
1716109 1704600        0.374278355
1716109 1718451        0.209436581
1716109 1713700        0.326488418
1716109 1715002        0.360460243
1716208 1714203        0.911934533
1716208 1702406        0.774128852
1716208 1711506        0.835405385
1716208 1715754        0.626814367
1716208 1720259        0.565401526
1716208 1705607        0.731992055
1716307 1715705        0.502060586
1716307 1702109        0.396291701
1716307 1713957        0.491127487
1716307 1703057        0.159595337
1716307 1714880        0.250404415
1716307 1705508        0.437872875
1716505 1708254        0.491793678
1716505 1718881        0.443694659
1716505 1718709        0.417905798
1716505 1721257        0.366407157
1716505 1703305        0.264670519
1716505 1721109         0.39048124
1716604 1700707        0.693231024
1716604 1703867         0.65098328
1716604 1720259        0.611552058
1716604 1709500        0.478117094
1716604 1720853        0.303081606
1716604 1720499        0.430166728
1716653 1701903        0.609720813
1716653 1708304        0.247396615
1716653 1718402        0.600181449
1716653 1706001        0.242299642
1716653 1716703        0.192488492
1716653 1711803        0.428340275
1716703 1718402        0.519426921
1716703 1706001        0.434206753
1716703 1709302         0.49658181
1716703 1716653        0.192488492
1716703 1708304        0.213917877
1716703 1708254        0.478284233
1717008 1713601        0.615798911
1717008 1705102        0.477638245
1717008 1718907        0.598767764
1717008 1700400        0.441138614
1717008 1720655        0.449181521
1717008 1717909        0.469032706
1717206 1713957        0.437239722
1717206 1702158        0.147720899
1717206 1722081        0.398169369
1717206 1722107       0.0657556666
1717206 1703883        0.247480208
1717206 1701309        0.363479252
1717503 1713700        0.832446008
1717503 1707108        0.730625959
1717503 1703909        0.810249446
1717503 1704600        0.677765493
1717503 1712504         0.45658868
1717503 1706100        0.703703533
1717800 1702703        0.611424077
1717800 1707009        0.420454954
1717800 2919553        0.606221447
1717800 1720903        0.335486773
1717800 1715259        0.282659119
1717800 1720937        0.424532745
1717909 1713601        0.689377987
1717909 1700400         0.68823952
1717909 1719004         0.61329512
1717909 1715101        0.598892342
1717909 1711951        0.437776494
1717909 1717008        0.469032706
1718006 1720937        0.630492698
1718006 1718659        0.344034345
1718006 1717008        0.621539285
1718006 1707009        0.303484328
1718006 1700400        0.182883137
1718006 1715259        0.560170575
1718204 1715002        0.477905871
1718204 1707553        0.461580286
1718204 1721000        0.473069094
1718204 1718451         0.40534543
1718204 1715507        0.401914603
1718204 1716109        0.461597149
1718303 1720200        0.200840898
1718303 1718808        0.193020094
1718303 1720804         0.18498135
1718303 2103257        0.177654471
1718303 1702554        0.147760609
1718303 1702901        0.174034547
1718402 1721257        0.491969813
1718402 1710904        0.403932609
1718402 1705508        0.429680516
1718402 1721307        0.225981584
1718402 1703602        0.182938403
1718402 1709302        0.253956744
1718451 1718204         0.40534543
1718451 1707553        0.386974549
1718451 1704600        0.404966024
1718451 1716109        0.209436581
1718451 1715507        0.251574078
1718451 1715002        0.156393073
1718501 1703305        0.828563984
1718501 1718881        0.746146452
1718501 1709005        0.706906525
1718501 1710508        0.570055831
1718501 1704105        0.502129699
1718501 1703842         0.58230759
1718550 1713809         0.37955353
1718550 1714302        0.236205609
1718550 1712454        0.284959682
1718550 1701051       0.0901824735
1718550 1701002        0.191311688
1718550 1720002        0.239834183
1718659 1712702        0.803462717
1718659 1700400        0.470721201
1718659 1717800        0.731480175
1718659 1718006        0.344034345
1718659 1707009        0.364604204
1718659 1715259        0.473824172
1718709 1713205        0.527352461
1718709 1721257        0.354671468
1718709 1721109        0.481418876
1718709 1708254          0.1692242
1718709 1713304        0.298240599
1718709 1716505        0.417905798
1718758 1716505        0.682778989
1718758 1701101        0.608369642
1718758 1721109        0.645680964
1718758 1715101         0.52021601
1718758 1712405        0.570684126
1718758 1704105        0.576044118
1718808 1718303        0.193020094
1718808 1702554        0.164615018
1718808 1703800        0.186463668
1718808 2103257       0.0636882464
1718808 1703891       0.0927407922
1718808 2112852        0.169368981
1718840 5220207         0.83182737
1718840 1700707        0.763286765
1718840 1703867        0.819794803
1718840 1707652        0.608860465
1718840 1702000        0.474445761
1718840 1708205        0.495576737
1718881 1709302        0.514850746
1718881 1704105        0.474304401
1718881 1716505        0.443694659
1718881 1703305        0.190841314
1718881 1721257         0.42658218
1718881 1710508         0.31022391
1718899 1700350        0.529676307
1718899 1707306        0.467292773
1718899 1715507        0.513173033
1718899 1706258        0.299691339
1718899 1707553        0.451024505
1718899 1706100        0.334368054
1718907 1714203        0.609247411
1718907 1717008        0.598767764
1718907 1720499        0.410522654
1718907 1705102        0.298896992
1718907 1720655        0.284773498
1718907 1709807        0.395276041
1719004 1717909         0.61329512
1719004 1701101        0.405008415
1719004 1713601         0.52679155
1719004 1715101        0.386395347
1719004 1711951        0.263677359
1719004 1721000        0.419814501
1720002 1712454        0.277630964
1720002 1713809        0.167019133
1720002 1718550        0.239834183
1720002 1714302        0.145088902
1720002 1701051        0.159539586
1720002 1700301        0.237450351
1720101 1702901        0.357157022
1720101 1701002         0.30568409
1720101 1712801        0.334952133
1720101 1712454        0.254525799
1720101 1703826        0.145344519
1720101 1702208        0.241683533
1720150 1718758        0.919869304
1720150 1711951        0.848340627
1720150 2100501        0.728450125
1720150 1712405        0.602715535
1720150 1715101        0.710044304
1720150 1712702        0.537324353
1720200 2105500        0.274921094
1720200 1702901        0.199669099
1720200 1710706        0.261171111
1720200 2105302        0.155859893
1720200 1720804        0.126166038
1720200 1718303        0.200840898
1720259 5213772        0.676403415
1720259 1720853        0.660643381
1720259 1716208        0.565401526
1720259 1716604        0.611552058
1720259 1711506        0.328313975
1720259 1715754        0.441884622
1720499 1709807        0.707706948
1720499 1714203        0.521625242
1720499 1720655         0.69158003
1720499 1705102        0.417250644
1720499 1718907        0.410522654
1720499 1716604        0.430166728
1720655 1703701        0.626047658
1720655 1705102        0.440288171
1720655 1717008        0.449181521
1720655 1713601        0.383840952
1720655 1718907        0.284773498
1720655 1709807        0.396707766
1720804 1702554        0.276071662
1720804 2105302        0.273965126
1720804 1710706        0.195705436
1720804 1702901       0.0814755695
1720804 1720200        0.126166038
1720804 1718303         0.18498135
1720853 1720978        0.608183509
1720853 1707652        0.472878185
1720853 1709500         0.46427996
1720853 1700707        0.405364533
1720853 1703867        0.409681517
1720853 1716604        0.303081606
1720903 1715150        0.527175758
1720903 1712157        0.462173908
1720903 1720937        0.503583729
1720903 1717800        0.335486773
1720903 1702703        0.289784291
1720903 1705557         0.46241001
1720937 1718006        0.630492698
1720937 1720903        0.503583729
1720937 1715259        0.577434424
1720937 1717800        0.424532745
1720937 1707009        0.477415066
1720937 1705607        0.310240926
1720978 5218003        0.636699043
1720978 1707652        0.480031111
1720978 1720853        0.608183509
1720978 1711506        0.407662242
1720978 1700707        0.281969808
1720978 5213772        0.561255441
1721000 1713205        0.611411274
1721000 1719004        0.419814501
1721000 1713601        0.547211585
1721000 1712009        0.394285017
1721000 1701101        0.276773498
1721000 1718204        0.473069094
1721109 1713304        0.568902646
1721109 1713205        0.437842123
1721109 1718709        0.481418876
1721109 1712009        0.287485886
1721109 1701101        0.409382927
1721109 1716505         0.39048124
1721208 1720002        0.302491161
1721208 1712454        0.297235029
1721208 2102556        0.285343648
1721208 1714302        0.254280358
1721208 1700301        0.231767772
1721208 1712801        0.238650814
1721257 1718881         0.42658218
1721257 1703305        0.387409824
1721257 1716505        0.366407157
1721257 1708254        0.277759901
1721257 1718709        0.354671468
1721257 1709302        0.239920305
1721307 1715705        0.473635471
1721307 1718402        0.225981584
1721307 1705508        0.424452455
1721307 1703602        0.220830463
1721307 1710904        0.182383446
1721307 1709302        0.386656901
1722081 1703883        0.457590173
1722081 1722107        0.452374243
1722081 1713809        0.441978546
1722081 1706506        0.243870058
1722081 1717206        0.398169369
1722081 1703008        0.258379344
1722107 1722081        0.452374243
1722107 1702158        0.100590125
1722107 1713957         0.38171118
1722107 1717206       0.0657556666
1722107 1703883        0.217595434
1722107 1701309        0.313684358
2100105 2206209        0.516887278
2100105 2100303        0.300533225
2100105 2102200        0.415120389
2100105 2103406        0.188226557
2100105 2103901        0.309941105
2100105 2103208        0.398051869
2100154 2202000        0.372995073
2100154 2204659        0.369629604
2100154 2206696        0.371210745
2100154 2100907        0.129180026
2100154 2112506        0.222945259
2100154 2106300        0.336929876
2100303 2112100        0.554270607
2100303 2103000        0.373479971
2100303 2103901        0.549900319
2100303 2100105        0.300533225
2100303 2103406        0.372116132
2100303 2103307        0.513273596
2100436 2106003        0.354781168
2100436 2103604        0.270364163
2100436 2111409        0.279162535
2100436 2108454        0.238622778
2100436 2101202         0.22348153
2100436 2111508        0.250241079
2100501 2209757         1.06352139
2100501 1720150        0.728450125
2100501 2204402        0.813437212
2100501 2201309         0.70347695
2100501 1712405        0.725903014
2100501 2209203        0.746408875
2100600 2104552        0.676711542
2100600 2105989        0.606953558
2100600 2103752        0.633010645
2100600 2102358        0.393408345
2100600 2107001        0.481463841
2100600 2111763         0.60763073
2100808 2102200        0.355199436
2100808 2110104        0.299636342
2100808 2112605        0.332324866
2100808 2106409        0.144866849
2100808 2102101        0.313627689
2100808 2106672        0.316303827
2100907 2106300        0.340278013
2100907 2207702        0.310114689
2100907 2206696        0.315197026
2100907 2100154        0.129180026
2100907 2204659        0.268047279
2100907 2202000        0.265786713
2100956 2105476        0.432624594
2100956 2105351        0.234755313
2100956 2105708        0.425913672
2100956 2105963         0.20331098
2100956 2106359        0.255303006
2100956 2108108        0.409919705
2101004 2105401        0.440917968
2101004 2102705        0.372589401
2101004 2111508        0.331753647
2101004 2103554        0.163854765
2101004 2106755        0.192906086
2101004 2106631        0.172077231
2101202 2106003        0.395496084
2101202 2103554        0.350625891
2101202 2112233        0.355423845
2101202 2111508        0.236079418
2101202 2111409        0.185623078
2101202 2100436         0.22348153
2101400 2208908         1.03221524
2101400 2112001        0.466723377
2101400 2209203         1.00634534
2101400 1703842        0.462939712
2101400 2109502        0.710825002
2101400 1718501        0.897047519
2101509 2207504        0.559683518
2101509 2111953        0.387632336
2101509 2111102        0.505457645
2101509 2200509        0.269519598
2101509 2110906        0.266942972
2101509 2203909        0.350436026
2101608 2105351        0.582684488
2101608 2111672        0.507627744
2101608 2109759         0.56501574
2101608 2111631        0.416279315
2101608 2105476        0.408435659
2101608 2112308        0.464986578
2101707 2112506        0.529524626
2101707 2109403        0.467123426
2101707 2110104        0.501565236
2101707 2108058        0.300585351
2101707 2110278        0.348925299
2101707 2110237        0.463345111
2101731 2102374        0.435927292
2101731 2105005        0.385140121
2101731 2109403        0.398850062
2101731 2107100        0.322774967
2101731 2112605          0.2411285
2101731 2110401        0.315348698
2101806 2107308        0.645564025
2101806 2108009        0.623287344
2101806 2200806        0.378508579
2101806 2110658        0.291202995
2101806 2208551        0.536564927
2101806 2110807        0.316445569
2101939 2106003        0.254956233
2101939 2108900        0.247986524
2101939 2110302         0.25387106
2101939 2112233        0.138075986
2101939 2105203        0.161281267
2101939 2108207        0.123256085
2102101 2205854        0.293604411
2102101 2202174        0.255153313
2102101 2102200        0.292147592
2102101 2208502        0.217491551
2102101 2106672         0.19304187
2102101 2206100        0.239079479
2102150 2105807        0.626821304
2102150 2100956        0.487329564
2102150 2105963        0.502727269
2102150 2106359        0.264982629
2102150 2108108        0.152380131
2102150 2105708        0.496736019
2102200 2103406        0.364140542
2102200 2100808        0.355199436
2102200 2208502        0.340670261
2102200 2103901        0.209176643
2102200 2102101        0.292147592
2102200 2106409        0.327268227
2102309 2103505        0.440790266
2102309 2107902        0.370594114
2102309 2105922        0.405244625
2102309 2104206        0.232836353
2102309 2107803        0.362911079
2102309 2104628        0.364097037
2102358 2100600        0.393408345
2102358 2107001        0.335310137
2102358 2105500        0.344198867
2102358 2111763        0.217081283
2102358 2103752        0.250693478
2102358 2104552        0.328345237
2102374 2105104        0.418901305
2102374 2107209        0.312652059
2102374 2110401        0.372820654
2102374 2109304        0.226961502
2102374 2107100        0.198739726
2102374 2110203        0.322202597
2102556 2107001        0.388163963
2102556 2109551        0.220632251
2102556 1712801        0.359419591
2102556 2109007        0.210176656
2102556 1721208        0.285343648
2102556 2105989        0.347002391
2102705 2110203        0.372825328
2102705 2106631        0.253998726
2102705 2101004        0.372589401
2102705 2105401         0.20145236
2102705 2108801        0.184712279
2102705 2106755        0.247122675
2102754 2103802        0.351081296
2102754 2108454        0.263514756
2102754 2104503        0.328439885
2102754 2110302        0.226746349
2102754 2106003         0.20205555
2102754 2108207        0.282448199
2102804 2104073        0.689379837
2102804 1703008        0.682518715
2102804 2109502        0.594425457
2102804 2104057        0.590765784
2102804 1707702        0.603919606
2102804 1703073        0.509582469
2103000 2211001        0.595004924
2103000 2106607        0.512788516
2103000 2211100        0.572887431
2103000 2112209        0.415867616
2103000 2100303        0.373479971
2103000 2111078         0.49823632
2103208 2112100         0.47109825
2103208 2112704        0.423079265
2103208 2100808        0.461084977
2103208 2100105        0.398051869
2103208 2106409         0.31774742
2103208 2102200        0.419449381
2103257 1703800        0.247470408
2103257 1702554        0.199733807
2103257 2112852        0.218321068
2103257 1703891        0.154314244
2103257 1718808       0.0636882464
2103257 1718303        0.177654471
2103307 2104503        0.516172929
2103307 2111078        0.449082966
2103307 2100303        0.513273596
2103307 2108454        0.437373863
2103307 2102754        0.426846633
2103307 2112100        0.459953235
2103406 2211100         0.46963127
2103406 2102200        0.364140542
2103406 2100303        0.372116132
2103406 2103901        0.180572555
2103406 2206209        0.329012063
2103406 2100105        0.188226557
2103505 2110708         0.44526558
2103505 2102309        0.440790266
2103505 2107902         0.43422124
2103505 2104206        0.416062852
2103505 2105450         0.23251442
2103505 2107704        0.433086929
2103554 2102705          0.4126272
2103554 2101202        0.350625891
2103554 2111508         0.18009864
2103554 2106755        0.322311815
2103554 2106631        0.158628477
2103554 2101004        0.163854765
2103604 2101202         0.47941923
2103604 2108454        0.345482528
2103604 2111508        0.376772618
2103604 2100436        0.270364163
2103604 2108801        0.320503365
2103604 2112100        0.335695677
2103752 2105302        0.319188386
2103752 1720200        0.300743885
2103752 2105500        0.230530977
2103752 2111763        0.138355927
2103752 2102358        0.250693478
2103752 2104552         0.12256765
2103802 2102754        0.351081296
2103802 2109106        0.268581431
2103802 2104404        0.260427639
2103802 2104503        0.176940959
2103802 2110302        0.212231393
2103802 2111250        0.172219997
2103901 2201200        0.424142974
2103901 2206209        0.289347853
2103901 2208502        0.393479542
2103901 2102200        0.209176643
2103901 2103406        0.180572555
2103901 2100105        0.309941105
2104008 2111631        0.318860375
2104008 2111672        0.187344295
2104008 2105948        0.313105841
2104008 2105609        0.178681519
2104008 2108900        0.114267583
2104008 2101939        0.298546151
2104057 1706506        0.548265666
2104057 1713809        0.477616438
2104057 2111573        0.495296302
2104057 2109007        0.414164975
2104057 1700301        0.429359034
2104057 2111052        0.438181095
2104073 2104057        0.615329802
2104073 2107258        0.388973335
2104073 2111052        0.600943597
2104073 2111573        0.196194352
2104073 2104107        0.545653281
2104073 2109502        0.600864732
2104081 2111607        0.923806113
2104081 2104800        0.751895774
2104081 2105476        0.827736989
2104081 2101608        0.680683466
2104081 2106706        0.452323305
2104081 2112308         0.80538004
2104099 2104800        0.657879378
2104099 2107258        0.634947867
2104099 2104073        0.652579802
2104099 2104107        0.440192172
2104099 2111573        0.603990884
2104099 2111805         0.49953406
2104107 2109700        0.718606796
2104107 2111573        0.637275675
2104107 2104099        0.440192172
2104107 2104073        0.545653281
2104107 2107258        0.272632115
2104107 2111607        0.397538428
2104206 2104701        0.384143533
2104206 2102309        0.232836353
2104206 2105450        0.322234599
2104206 2104628        0.145872545
2104206 2104602        0.285622857
2104206 2110708        0.308471702
2104404 2109106         0.31367395
2104404 2104602        0.255464107
2104404 2104701        0.300469203
2104404 2111748        0.216647412
2104404 2104503        0.160577811
2104404 2103802        0.260427639
2104503 2111748        0.352854995
2104503 2110302        0.312062294
2104503 2111250        0.349151329
2104503 2103802        0.176940959
2104503 2104404        0.160577811
2104503 2102754        0.328439885
2104552 1720200        0.322743623
2104552 2107001        0.315908256
2104552 1710706        0.284894158
2104552 2111763        0.260913376
2104552 2103752         0.12256765
2104552 2109551          0.2429241
2104602 2110708         0.36949232
2104602 2104404        0.255464107
2104602 2104206        0.285622857
2104602 2104628        0.154140847
2104602 2111748        0.149158572
2104602 2104701        0.252614437
2104628 2102309        0.364097037
2104628 2104701        0.255957384
2104628 2111748        0.296736429
2104628 2104206        0.145872545
2104628 2104602        0.154140847
2104628 2110708        0.263400803
2104701 2109759          0.3179377
2104701 2104628        0.255957384
2104701 2104404        0.300469203
2104701 2104602        0.252614437
2104701 2109106        0.191482368
2104701 2110708         0.22417736
2104800 2105351        0.772306512
2104800 2104081        0.751895774
2104800 2100600        0.745588091
2104800 2104099        0.657879378
2104800 2105476        0.649522189
2104800 2111805        0.688311093
2105005 2102374        0.523699372
2105005 2110278        0.388977968
2105005 2101731        0.385140121
2105005 2107100          0.3252761
2105005 2109403        0.198074163
2105005 2105104        0.240878964
2105104 2110278        0.622965305
2105104 2107100         0.26420379
2105104 2101731        0.508569187
2105104 2105005        0.240878964
2105104 2102374        0.418901305
2105104 2109403        0.438432625
2105203 2108207         0.24042029
2105203 2105807        0.173596779
2105203 2108900        0.221085715
2105203 2101939        0.161281267
2105203 2105948        0.111386368
2105203 2112233        0.150717594
2105302 2103752        0.319188386
2105302 1718303        0.250227351
2105302 2111763        0.284725571
2105302 2105500        0.172679322
2105302 1720200        0.155859893
2105302 1720804        0.273965126
2105351 2101608        0.582684488
